1339444,
1340002,
1340356,
1353387,
1353408,
1362211,
1362514,
1354427,
1343446,
1339983,
1350852,
1353938,
1340014,
1341696,
1343485,
1349852,
1339973,
1340438,
1341378,
1358743,
1341464,
1342372,
1341260,
1344380,
1342610,
1341704,
1359686,
1349033,
1342813,
1345862,
1341268,
1338865,
1340518,
1341457,
1349046,
1349126,
1349911,
1355584,
1367158,
1341181,
1342252,
1355371,
1339893,
1345347,
1343925,
1354103,
1354191,
1340446,
1341692,
1345710,
1349142,
1350897,
1362264,
1338979,
1345053,
1353567,
1342689,
1352241,
1353001,
1339971,
1340515,
1347582,
1349066,
1349137,
1341822,
1344060,
1341697,
1339991,
1339645,
1341468,
1349081,
1359298,
1364865,
1339447,
1363885,
1341695,
1345048,
1340418,
1342605,
1339990,
1348119,
1351135,
1362948,
1365969,
1350858,
1345002